cl__1 = 1e+22;
cl__2 = 1.5;
Point(1) = {-5e-06, -5e-06, -7.5e-08, cl__1};
Point(2) = {-5e-06, 5e-06, -7.5e-08, cl__1};
Point(3) = {5e-06, 5e-06, -7.5e-08, cl__1};
Point(4) = {5e-06, -5e-06, -7.5e-08, cl__1};
Point(5) = {4.635185542000143e-05, 4.635185542000143e-05, -7.5e-08, cl__1};
Point(6) = {-4.635185542000143e-05, 4.635185542000143e-05, -7.5e-08, cl__1};
Point(7) = {-4.635185542000143e-05, -4.635185542000143e-05, -7.5e-08, cl__1};
Point(8) = {4.635185542000143e-05, -4.635185542000143e-05, -7.5e-08, cl__1};
Point(9) = {4.635185542000143e-05, 4.635185542000143e-05, 7.5e-08, cl__1};
Point(10) = {-4.635185542000143e-05, 4.635185542000143e-05, 7.5e-08, cl__1};
Point(11) = {-4.635185542000143e-05, -4.635185542000143e-05, 7.5e-08, cl__1};
Point(12) = {4.635185542000143e-05, -4.635185542000143e-05, 7.5e-08, cl__1};
Point(13) = {-5e-06, -5e-06, 7.5e-08, cl__1};
Point(14) = {-5e-06, 5e-06, 7.5e-08, cl__1};
Point(15) = {5e-06, 5e-06, 7.5e-08, cl__1};
Point(16) = {5e-06, -5e-06, 7.5e-08, cl__1};
Point(17) = {0, 0, -1e-05, cl__2};
Point(18) = {0, 0, 1e-05, cl__2};
Line(1) = {1, 2};
Line(2) = {2, 3};
Line(3) = {3, 4};
Line(4) = {4, 1};
Line(5) = {5, 6};
Line(6) = {6, 7};
Line(7) = {7, 8};
Line(8) = {8, 5};
Line(9) = {9, 10};
Line(10) = {10, 11};
Line(11) = {11, 12};
Line(12) = {12, 9};
Line(13) = {13, 14};
Line(14) = {14, 15};
Line(15) = {15, 16};
Line(16) = {16, 13};
Line(17) = {5, 9};
Line(18) = {6, 10};
Line(19) = {7, 11};
Line(20) = {8, 12};
Line(21) = {1, 13};
Line(22) = {2, 14};
Line(23) = {3, 15};
Line(24) = {4, 16};
Line(25) = {17, 18};
Curve Loop(1) = {5, 6, 7, 8, -4, -3, -2, -1};
Plane Surface(1) = {1};
Curve Loop(2) = {9, 10, 11, 12, -16, -15, -14, -13};
Plane Surface(2) = {2};
Curve Loop(3) = {5, 18, -9, -17};
Plane Surface(3) = {3};
Curve Loop(4) = {6, 19, -10, -18};
Plane Surface(4) = {4};
Curve Loop(5) = {7, 20, -11, -19};
Plane Surface(5) = {5};
Curve Loop(6) = {8, 17, -12, -20};
Plane Surface(6) = {6};
Curve Loop(7) = {1, 22, -13, -21};
Plane Surface(7) = {7};
Curve Loop(8) = {2, 23, -14, -22};
Plane Surface(8) = {8};
Curve Loop(9) = {3, 24, -15, -23};
Plane Surface(9) = {9};
Curve Loop(10) = {4, 21, -16, -24};
Plane Surface(10) = {10};
Physical Surface("FieldPlane0") = {1, 2, 3, 4, 5, 6, 7, 8, 9, 10};
